loss
train: 2.279622762817425
val: 2.300958967605126
test: 2.250357254573277

measure
train: -0.17240153968554345
val: -0.1879762541554311
test -0.14047956883907317