loss
train: 1.8723347849682979
val: 1.8745060789287915
test: 1.8687878956113544

measure
train: -0.1488939177791828
val: -0.1629451471600176
test -0.1518971937894821