loss
train: 1.6580534390795594
val: 1.6808857303577116
test: 1.6966096796308245

measure
train: 0.29842452929180635
val: 0.2669370906670008
test 0.250163813659123